张三丰 202301001 0 0 0 0
李四光 202301002 100 100 100 100
王小明 202301003 50 50 50 50
司马相如 202302001 0 100 0 100
孙雨桐 202302002 100 0 100 0
周明远 202302003 30 60 90 100
吴宇轩 202303001 70 70 70 70
郑十一 202303002 85 85 85 85
钱一多 202303003 20 40 60 80
孙浩然 202304001 95 95 95 95
周明 202304002 0 50 100 50
吴芳 202304003 50 0 50 100
郑思琪 202305001 10 20 30 40
王志强 202305002 40 30 20 10
李娜 202305003 60 60 60 60
赵静怡 202306001 80 20 80 20
孙伟 202306002 20 80 20 80
周丽 202306003 100 50 0 50
吴刚 202307001 50 100 50 0
郑敏 202307002 30 30 30 30
陈俊杰 202307003 70 30 70 30
杨阳 202308001 90 90 10 10
黄浩宇 202308002 10 10 90 90
刘芳 202308003 0 25 50 75
马丽娟 202309001 75 50 25 0
朱军 202309002 50 100 50 100
胡静雯 202309003 100 50 100 50
郭强 202310001 20 50 80 100
林娜 202310002 100 80 50 20
何伟东 202310003 0 0 100 100
高敏 202311001 100 100 0 0
罗刚 202311002 50 50 0 0
唐静怡 202312001 0 0 50 50
冯华 202312002 75 75 75 75
长孙无忌 202313001 25 25 25 25
曹伟 202313002 90 10 90 10
闫娜 202314001 10 90 10 90
梁刚毅 202314002 60 60 60 60
谢静 202315001 80 80 80 80
宋华 202315002 40 40 40 40
彭伟明 202316001 5 5 5 5
董娜 202316002 99 99 99 99
袁刚 202317001 1 1 1 1
潘静 202317002 88 88 88 88
于华 202318001 77 77 77 77
苏伟 202318002 30 30 30 30
叶娜 202319001 40 60 80 20
蒋刚强 202319002 60 40 20 80
蔡静 202320001 20 80 40 60
欧阳娜娜 202320002 80 20 60 40